4	550155001e79431332a172441006336494e844c0002333b25a4410001381b2004420007c00	1|85|1|85|121|67|3|6|30|4|79431332a172441006336494e844c0002333b25a4410001381b200442000|4||10,10,1,1,7,2,2,4,4,4,1,3,3,0,0,2,1,2,1,1,0,0,10,2,1,3,1,28,1,1,0,0,1,6,0,2,0,2,0,2,19,0,0,0,0,010000010103020a011c020200020001000006,1332a172441006,1332a17244||9,9,4,4,14,8,8,4,4,48,12,6,6,0,0,1,2,1,1,1,0,0,9,4,3,6,4,58,12,1,0,0,0,0,0,2,0,2,0,0,51,0,0,1,0,0300000101060409043a00020002000c000000,336494e844c000,336494e844||11,11,2,2,5,10,10,4,4,4,1,3,3,0,0,2,1,2,1,1,0,0,11,3,2,3,2,22,1,1,0,0,1,0,0,2,0,2,0,2,35,0,0,2,1,020000010103030b0216020200020001000000,2333b25a441000,2333b25a44||11,11,2,2,0,0,0,4,4,8,2,8,8,0,0,0,0,0,1,1,0,0,11,1,1,8,2,0,2,1,0,0,0,0,0,2,0,2,0,0,19,0,0,3,1,010000010108010b0200000200020002000000,1381b200442000,1381b20044
4	0302030010794000000000440000000000004400007c01	1|3|2|3|121|64|0|0|16|2|79400000000044000000000000440000|2||0,0,0,0,0,0,0,4,4,0,0,0,0,0,0,0,0,0,0,0,0,0,0,0,0,0,0,0,0,0,0,0,0,0,0,2,0,2,0,0,0,0,0,0,0,00000000000000000000000200020000000000,00000000440000,0000000044||0,0,0,0,0,0,0,4,4,0,0,0,0,0,0,0,0,0,0,0,0,0,0,0,0,0,0,0,0,0,0,0,0,0,0,2,0,2,0,0,0,0,0,1,1,00000000000000000000000200020000000000,00000000440000,0000000044
4	3e013e001e79430258815001100e0258a45e0130000267716a001000028f90181110007c00	1|62|1|62|121|67|3|6|30|4|79430258815001100e0258a45e0130000267716a001000028f9018111000|4||8,8,1,1,5,0,0,0,0,4,1,5,5,0,1,0,4,0,1,1,0,1,8,8,0,5,1,20,1,0,1,0,0,6,0,0,1,0,0,0,2,0,0,0,0,00000001000508080114000000000101000106,0258815001100e,0258815001||10,10,4,4,5,14,14,0,0,12,3,5,5,0,0,0,4,0,1,1,0,1,10,8,0,5,4,23,3,0,0,0,1,0,0,0,1,0,0,2,2,0,0,1,0,000000010005080a0417020000000103000000,0258a45e013000,0258a45e01||7,7,1,1,6,10,10,0,0,4,1,6,6,0,0,3,3,3,1,1,0,0,7,7,0,6,1,26,1,0,0,0,1,0,0,0,0,0,0,2,2,0,0,2,1,0000000100060707011a020000000001000000,0267716a001000,0267716a00||9,9,0,0,1,8,8,1,1,4,1,8,8,0,0,3,7,3,1,1,0,1,9,15,0,8,0,6,1,0,0,0,0,0,1,0,1,0,0,0,2,0,0,3,1,0000000100080f090006000001000101000000,028f9018111000,028f901811
4	330133001e79432333c1764512043363a366451100236391664510002381b2004520007c00	1|51|1|51|121|67|3|4|30|4|79432333c1764512043363a366451100236391664510002381b200452000|4||12,12,1,1,7,6,6,4,4,4,1,3,3,0,0,2,1,2,1,1,2,1,12,3,2,3,1,29,1,1,0,2,1,4,0,2,1,2,0,2,35,0,2,0,0,020000010103030c011d020200020101020004,2333c176451204,2333c17645||10,10,3,3,6,6,6,4,4,4,1,6,6,0,0,2,1,2,1,1,1,1,10,3,3,6,3,25,1,1,0,1,1,0,0,2,1,2,0,2,51,0,1,1,0,030000010106030a0319020200020101010000,3363a366451100,3363a36645||9,9,1,1,6,6,6,4,4,4,1,6,6,0,0,2,1,2,1,1,0,1,9,3,2,6,1,25,1,1,0,0,1,0,0,2,1,2,0,2,35,0,0,2,1,02000001010603090119020200020101000000,23639166451000,2363916645||11,11,2,2,0,0,0,4,4,8,2,8,8,0,0,0,0,0,1,1,0,1,11,1,2,8,2,0,2,1,0,0,0,0,0,2,1,2,0,0,35,0,0,3,1,020000010108010b0200000200020102000000,2381b200452000,2381b20045
4	370137001e798323a3b36d3030012292b46f0430001344a14d0420011371a8143110007c00	1|55|1|55|121|131|3|1|30|4|798323a3b36d3030012292b46f0430001344a14d0420011371a814311000|4||11,11,3,3,6,13,13,3,3,12,3,10,10,0,0,2,1,2,1,1,0,0,11,3,2,10,3,27,3,1,0,0,2,1,1,1,0,0,0,1,35,0,0,0,0,02000001010a030b031b010101000003000001,23a3b36d303001,23a3b36d30||11,11,4,4,6,15,15,0,0,12,3,9,9,0,0,2,1,2,1,1,0,0,11,2,2,9,4,27,3,0,0,0,3,0,0,0,0,2,0,3,34,0,0,1,0,020000010009020b041b030000020003000000,2292b46f043000,2292b46f04||10,10,1,1,4,13,13,0,0,8,2,4,4,0,0,1,2,1,1,1,0,0,10,4,1,4,1,19,2,1,0,0,2,1,0,0,0,2,0,1,19,0,0,2,1,010000010104040a0113010000020002000001,1344a14d042001,1344a14d04||10,10,8,8,1,4,4,3,3,4,1,7,7,0,0,0,0,0,1,1,0,1,10,1,1,7,8,5,1,1,0,0,0,0,1,1,1,0,0,0,19,0,0,3,1,010000010107010a0805000101000101000000,1371a814311000,1371a81431
4	090109001e7945021ad11c10300702b873940130000298e09c31100702a560041110807c00	1|9|1|9|121|69|5|7|30|4|7945021ad11c10300702b873940130000298e09c31100702a56004111080|4||13,13,1,1,1,12,12,1,1,12,3,1,1,0,0,2,5,2,1,1,0,0,13,10,0,1,1,7,3,0,0,0,0,7,1,0,0,0,0,0,2,0,0,0,0,0000000100010a0d0107000001000003000007,021ad11c103007,021ad11c10||7,7,3,3,9,4,4,0,0,12,3,10,10,0,0,0,4,0,1,1,0,1,7,8,0,11,3,37,3,0,0,0,0,0,0,0,1,0,0,0,2,0,0,1,0,00000001000b08070325000000000103000000,02b87394013000,02b8739401||14,14,0,0,9,12,12,3,3,4,1,9,9,0,0,0,4,0,1,1,0,1,14,8,0,9,0,39,1,0,0,0,0,7,1,1,1,0,0,0,2,0,0,2,1,000000010009080e0027000101000101000007,0298e09c311007,0298e09c31||6,6,0,0,0,4,4,1,1,4,1,10,10,0,16,1,2,1,1,1,0,1,6,5,0,10,0,1,1,0,16,0,0,0,1,0,1,0,0,0,2,0,0,3,1,00000001000a05060001000001000101001000,02a56004111080,02a5600411
4	6e016e001e79473349f424447000233bfb3c4440002343f4494420013244fe104410007c00	1|110|1|110|121|71|7|0|30|4|79473349f424447000233bfb3c4440002343f4494420013244fe10441000|4||15,15,4,4,2,4,4,4,4,28,7,4,4,0,0,0,4,0,1,1,0,0,15,9,3,4,4,9,7,1,0,0,0,0,0,2,0,2,0,0,51,0,0,0,0,030000010104090f0409000200020007000000,3349f424447000,3349f42444||15,15,11,11,3,12,12,4,4,16,4,3,3,0,0,2,5,2,1,1,0,0,15,11,2,3,11,15,4,1,0,0,0,0,0,2,0,2,0,0,35,0,0,1,0,0200000101030b0f0b0f000200020004000000,233bfb3c444000,233bfb3c44||15,15,4,4,4,9,9,4,4,8,2,4,4,0,0,2,1,2,1,1,0,0,15,3,2,4,4,18,2,1,0,0,2,1,0,2,0,2,0,1,35,0,0,2,1,020000010104030f0412010200020002000001,2343f449442001,2343f44944||15,15,14,14,1,0,0,4,4,4,1,4,4,0,0,1,2,1,1,1,0,0,15,4,3,4,14,4,1,0,0,0,0,0,0,2,0,2,0,0,50,0,0,3,1,030000010004040f0e04000200020001000000,3244fe10441000,3244fe1044
4	660166001e7945031271961120070282810c111000031251691140000282710c0010007c00	1|102|1|102|121|69|5|7|30|4|7945031271961120070282810c111000031251691140000282710c001000|4||7,7,1,1,9,6,6,1,1,8,2,1,1,0,0,2,1,2,1,1,0,1,7,2,0,1,1,37,2,1,0,0,1,7,1,0,1,0,0,2,3,0,0,0,0,00000001010102070125020001000102000007,03127196112007,0312719611||8,8,1,1,0,12,12,1,1,4,1,8,8,0,0,2,1,2,1,1,0,1,8,2,0,8,1,3,1,0,0,0,0,0,1,0,1,0,0,0,2,0,0,1,0,00000001000802080103000001000101000000,0282810c111000,0282810c11||5,5,1,1,6,9,9,1,1,16,4,1,1,0,0,2,1,2,1,1,0,1,5,2,0,1,1,26,4,1,0,0,2,0,1,0,1,0,0,1,3,0,0,2,1,0000000101010205011a010001000104000000,03125169114000,0312516911||7,7,1,1,0,12,12,0,0,4,1,8,8,0,0,2,1,2,1,1,0,0,7,2,0,8,1,3,1,0,0,0,0,0,0,0,0,0,0,0,2,0,0,3,1,00000001000802070103000000000001000000,0282710c001000,0282710c00
4	310131001e79431332a172441006336494e844c0002333b25a4410001381b2004420007c00	1|49|1|49|121|67|3|6|30|4|79431332a172441006336494e844c0002333b25a4410001381b200442000|4||10,10,1,1,7,2,2,4,4,4,1,3,3,0,0,2,1,2,1,1,0,0,10,2,1,3,1,28,1,1,0,0,1,6,0,2,0,2,0,2,19,0,0,0,0,010000010103020a011c020200020001000006,1332a172441006,1332a17244||9,9,4,4,14,8,8,4,4,48,12,6,6,0,0,1,2,1,1,1,0,0,9,4,3,6,4,58,12,1,0,0,0,0,0,2,0,2,0,0,51,0,0,1,0,0300000101060409043a00020002000c000000,336494e844c000,336494e844||11,11,2,2,5,10,10,4,4,4,1,3,3,0,0,2,1,2,1,1,0,0,11,3,2,3,2,22,1,1,0,0,1,0,0,2,0,2,0,2,35,0,0,2,1,020000010103030b0216020200020001000000,2333b25a441000,2333b25a44||11,11,2,2,0,0,0,4,4,8,2,8,8,0,0,0,0,0,1,1,0,0,11,1,1,8,2,0,2,1,0,0,0,0,0,2,0,2,0,0,19,0,0,3,1,010000010108010b0200000200020002000000,1381b200442000,1381b20044
4	610161001e79430267ff9d0010402333e2730050001241d3580110002363d4020110007c00	1|97|1|97|121|67|3|0|30|4|79430267ff9d0010402333e2730050001241d3580110002363d402011000|4||15,15,15,15,9,13,13,0,0,4,1,6,6,0,8,3,3,3,1,1,0,0,15,7,0,6,15,39,1,0,8,0,2,0,0,0,0,0,0,1,2,0,0,0,0,000000010006070f0f27010000000001000800,0267ff9d001040,0267ff9d00||14,14,2,2,7,3,3,0,0,20,5,3,3,0,0,2,1,2,1,1,0,0,14,3,2,3,2,28,5,1,0,0,3,0,0,0,0,0,0,3,35,0,0,1,0,020000010103030e021c030000000005000000,2333e273005000,2333e27300||13,13,3,3,5,8,8,0,0,4,1,4,4,0,0,0,0,0,1,1,0,1,13,1,1,4,3,22,1,0,0,0,0,0,0,0,1,0,0,0,18,0,0,2,1,010000010004010d0316000000000101000000,1241d358011000,1241d35801||13,13,4,4,0,2,2,0,0,4,1,6,6,0,0,2,1,2,1,1,0,1,13,3,2,6,4,0,1,1,0,0,1,0,0,0,1,0,0,2,35,0,0,3,1,020000010106030d0400020000000101000000,2363d402011000,2363d40201
4	3e013e001e794502097043001240027e90060117000229615a301604027ea0060113407c00	1|62|1|62|121|69|5|0|30|4|794502097043001240027e90060117000229615a301604027ea006011340|4||7,7,0,0,4,3,3,0,0,4,1,0,0,0,8,0,4,0,1,1,2,0,7,9,0,0,0,16,1,0,8,2,3,0,0,0,0,0,0,3,2,0,2,0,0,00000001000009070010030000000001020800,02097043001240,0209704300||9,9,0,0,0,6,6,0,0,5,1,7,7,0,0,3,7,3,1,1,3,1,9,14,0,7,0,1,1,0,0,7,1,0,0,0,1,0,0,2,2,0,3,1,0,0000000100070e090001020000000101070000,027e9006011700,027e900601||6,6,1,1,5,10,10,3,3,5,1,2,2,0,0,0,4,0,1,1,2,0,6,9,0,2,1,22,1,0,0,6,1,4,1,1,0,0,0,2,2,0,2,2,1,00000001000209060116020101000001060004,0229615a301604,0229615a30||10,10,0,0,0,6,6,0,0,4,1,7,7,0,8,3,7,3,1,1,3,1,10,14,0,7,0,1,1,0,8,3,1,0,0,0,1,0,0,2,2,0,3,3,1,0000000100070e0a0001020000000101030800,027ea006011340,027ea00601
4	0c010c001e7985027ff4bb00104002afa00e031040022ff39b10204102afa00e0110407c00	1|12|1|12|121|133|5|0|30|4|7985027ff4bb00104002afa00e031040022ff39b10204102afa00e011040|4||15,15,4,4,11,11,11,0,0,4,1,7,7,0,8,3,7,3,1,1,0,0,15,15,0,7,4,46,1,0,8,0,3,0,0,0,0,0,0,3,2,0,0,0,0,0000000100070f0f042e030000000001000800,027ff4bb001040,027ff4bb00||10,10,0,0,0,14,14,0,0,4,1,10,10,0,8,3,7,3,1,1,0,1,10,15,0,10,0,3,1,0,8,0,1,0,0,0,1,1,0,2,2,0,0,1,0,00000001000a0f0a0003020000010101000800,02afa00e031040,02afa00e03||15,15,3,3,9,11,11,1,1,8,2,2,2,0,8,3,7,3,1,1,0,0,15,15,0,2,3,38,2,0,8,0,3,1,1,0,0,0,0,3,2,0,0,2,1,0000000100020f0f0326030001000002000801,022ff39b102041,022ff39b10||10,10,0,0,0,14,14,0,0,4,1,10,10,0,8,3,7,3,1,1,0,1,10,15,0,10,0,3,1,0,8,0,1,0,0,0,1,0,0,2,2,0,0,3,1,00000001000a0f0a0003020000000101000800,02afa00e011040,02afa00e01
4	510151001e79452244c25c4170002359d61e5140002334c2785180003242df1c3110007c00	1|81|1|81|121|69|5|0|30|4|79452244c25c4170002359d61e5140002334c2785180003242df1c311000|4||12,12,2,2,5,12,12,4,4,28,7,4,4,0,0,1,2,1,1,1,0,1,12,4,2,4,2,23,7,0,0,0,0,0,0,2,1,0,0,0,34,0,0,0,0,020000010004040c0217000200000107000000,2244c25c417000,2244c25c41||13,13,6,6,1,14,14,5,5,16,4,5,5,0,0,0,4,0,1,1,0,1,13,9,2,5,6,7,4,1,0,0,1,0,1,2,1,0,0,2,35,0,0,1,0,020000010105090d0607020201000104000000,2359d61e514000,2359d61e51||12,12,2,2,7,8,8,5,5,32,8,3,3,0,0,1,2,1,1,1,0,1,12,4,2,3,2,30,8,1,0,0,0,0,1,2,1,0,0,0,35,0,0,2,1,020000010103040c021e000201000108000000,2334c278518000,2334c27851||13,13,15,15,1,12,12,3,3,4,1,4,4,0,0,2,1,2,1,1,0,1,13,2,3,4,15,7,1,0,0,0,0,0,1,1,1,0,0,0,50,0,0,3,1,030000010004020d0f07000101000101000000,3242df1c311000,3242df1c31
4	330133001e79435288f4a40020067298b4840050003227b4860010052324f1104410007c00	1|51|1|51|121|67|3|6|30|4|79435288f4a40020067298b4840050003227b4860010052324f110441000|4||15,15,4,4,10,4,4,0,0,8,2,8,8,0,0,0,4,0,1,1,0,0,15,8,5,8,4,41,2,0,0,0,0,6,0,0,0,0,0,0,82,0,0,0,0,050000010008080f0429000000000002000006,5288f4a4002006,5288f4a400||11,11,4,4,8,4,4,0,0,20,5,9,9,0,0,0,4,0,1,1,0,0,11,8,7,9,4,33,5,0,0,0,0,0,0,0,0,0,0,0,114,0,0,1,0,070000010009080b0421000000000005000000,7298b484005000,7298b48400||11,11,4,4,8,6,6,0,0,4,1,2,2,0,0,3,3,3,1,1,0,0,11,7,3,2,4,33,1,0,0,0,1,5,0,0,0,0,0,2,50,0,0,2,1,030000010002070b0421020000000001000005,3227b486001005,3227b48600||15,15,1,1,1,0,0,4,4,4,1,2,2,0,0,1,2,1,1,1,0,0,15,4,2,2,1,4,1,1,0,0,0,0,0,2,0,2,0,0,35,0,0,3,1,020000010102040f0104000200020001000000,2324f110441000,2324f11044
4	520152001e79850260a00120d00712aab08c21a018024f80b0152000029080142510007c00	1|82|1|82|121|133|5|7|30|4|79850260a00120d00712aab08c21a018024f80b015200002908014251000|4||10,10,0,0,0,1,1,2,2,52,13,6,6,0,0,0,0,0,1,1,0,0,10,0,0,6,0,0,12,0,0,0,2,7,0,1,0,0,0,1,2,0,0,0,0,000000010006000a000001010000000d000007,0260a00120d007,0260a00120||11,11,0,0,8,12,12,2,2,40,10,10,10,0,3,2,5,2,1,1,0,1,11,10,1,10,0,35,10,0,3,0,0,0,0,1,1,0,0,0,18,0,0,1,0,01000001000a0a0b002300010000010a000300,12aab08c21a018,12aab08c21||8,8,0,0,11,0,0,1,1,8,2,4,4,0,0,3,7,3,1,1,0,1,8,15,0,4,0,44,2,0,0,0,0,0,1,0,1,2,0,0,2,0,0,2,1,0000000100040f08002c000001020102000000,024f80b0152000,024f80b015||8,8,0,0,1,4,4,2,2,4,1,9,9,0,0,0,0,0,1,1,0,1,8,0,0,9,0,5,1,0,0,0,0,0,0,1,1,2,0,0,2,0,0,3,1,00000001000900080005000100020101000000,02908014251000,0290801425
4	380138001e79432333c1764512043363a366451100236391664510002381b2004520007c00	1|56|1|56|121|67|3|4|30|4|79432333c1764512043363a366451100236391664510002381b200452000|4||12,12,1,1,7,6,6,4,4,4,1,3,3,0,0,2,1,2,1,1,2,1,12,3,2,3,1,29,1,1,0,2,1,4,0,2,1,2,0,2,35,0,2,0,0,020000010103030c011d020200020101020004,2333c176451204,2333c17645||10,10,3,3,6,6,6,4,4,4,1,6,6,0,0,2,1,2,1,1,1,1,10,3,3,6,3,25,1,1,0,1,1,0,0,2,1,2,0,2,51,0,1,1,0,030000010106030a0319020200020101010000,3363a366451100,3363a36645||9,9,1,1,6,6,6,4,4,4,1,6,6,0,0,2,1,2,1,1,0,1,9,3,2,6,1,25,1,1,0,0,1,0,0,2,1,2,0,2,35,0,0,2,1,02000001010603090119020200020101000000,23639166451000,2363916645||11,11,2,2,0,0,0,4,4,8,2,8,8,0,0,0,0,0,1,1,0,1,11,1,2,8,2,0,2,1,0,0,0,0,0,2,1,2,0,0,35,0,0,3,1,020000010108010b0200000200020102000000,2381b200452000,2381b20045
4	3d013d001e79430267ff9d0010402333e2730050001241d3580110002363d4020110007c00	1|61|1|61|121|67|3|0|30|4|79430267ff9d0010402333e2730050001241d3580110002363d402011000|4||15,15,15,15,9,13,13,0,0,4,1,6,6,0,8,3,3,3,1,1,0,0,15,7,0,6,15,39,1,0,8,0,2,0,0,0,0,0,0,1,2,0,0,0,0,000000010006070f0f27010000000001000800,0267ff9d001040,0267ff9d00||14,14,2,2,7,3,3,0,0,20,5,3,3,0,0,2,1,2,1,1,0,0,14,3,2,3,2,28,5,1,0,0,3,0,0,0,0,0,0,3,35,0,0,1,0,020000010103030e021c030000000005000000,2333e273005000,2333e27300||13,13,3,3,5,8,8,0,0,4,1,4,4,0,0,0,0,0,1,1,0,1,13,1,1,4,3,22,1,0,0,0,0,0,0,0,1,0,0,0,18,0,0,2,1,010000010004010d0316000000000101000000,1241d358011000,1241d35801||13,13,4,4,0,2,2,0,0,4,1,6,6,0,0,2,1,2,1,1,0,1,13,3,2,6,4,0,1,1,0,0,1,0,0,0,1,0,0,2,35,0,0,3,1,020000010106030d0400020000000101000000,2363d402011000,2363d40201
4	260126001e79435288f4a40020067298b4840050003227b4860010052324f1104410007c00	1|38|1|38|121|67|3|6|30|4|79435288f4a40020067298b4840050003227b4860010052324f110441000|4||15,15,4,4,10,4,4,0,0,8,2,8,8,0,0,0,4,0,1,1,0,0,15,8,5,8,4,41,2,0,0,0,0,6,0,0,0,0,0,0,82,0,0,0,0,050000010008080f0429000000000002000006,5288f4a4002006,5288f4a400||11,11,4,4,8,4,4,0,0,20,5,9,9,0,0,0,4,0,1,1,0,0,11,8,7,9,4,33,5,0,0,0,0,0,0,0,0,0,0,0,114,0,0,1,0,070000010009080b0421000000000005000000,7298b484005000,7298b48400||11,11,4,4,8,6,6,0,0,4,1,2,2,0,0,3,3,3,1,1,0,0,11,7,3,2,4,33,1,0,0,0,1,5,0,0,0,0,0,2,50,0,0,2,1,030000010002070b0421020000000001000005,3227b486001005,3227b48600||15,15,1,1,1,0,0,4,4,4,1,2,2,0,0,1,2,1,1,1,0,0,15,4,2,2,1,4,1,1,0,0,0,0,0,2,0,2,0,0,35,0,0,3,1,020000010102040f0104000200020001000000,2324f110441000,2324f11044
4	630163001e7985728680f115201f029580000510006269a93c0110c002a570681510407c00	1|99|1|99|121|133|5|7|30|4|7985728680f115201f029580000510006269a93c0110c002a57068151040|4||8,8,0,0,15,1,1,1,1,8,2,8,8,0,3,3,3,3,1,1,0,1,8,6,7,8,0,60,2,0,3,0,2,7,1,0,1,2,0,1,114,0,0,0,0,0700000100080608003c010001020102000307,728680f115201f,728680f115||8,8,0,0,0,0,0,0,0,4,1,9,9,0,0,1,2,1,1,1,0,1,8,5,0,9,0,0,1,0,0,0,0,0,0,0,1,2,0,0,2,0,0,1,0,00000001000905080000000000020101000000,02958000051000,0295800005||10,10,9,9,3,12,12,0,0,4,1,6,6,0,24,0,4,0,1,1,0,1,10,9,6,6,9,15,1,0,24,0,0,0,0,0,1,0,0,0,98,0,0,2,1,060000010006090a090f000000000101001800,6269a93c0110c0,6269a93c01||7,7,0,0,6,8,8,1,1,4,1,10,10,0,8,1,2,1,1,1,0,1,7,5,0,10,0,26,1,0,8,0,0,0,1,0,1,2,0,0,2,0,0,3,1,00000001000a0507001a000001020101000800,02a57068151040,02a5706815
4	2b012b001e79452244c25c4170002359d61e5140002334c2785180003242df1c3110007c00	1|43|1|43|121|69|5|0|30|4|79452244c25c4170002359d61e5140002334c2785180003242df1c311000|4||12,12,2,2,5,12,12,4,4,28,7,4,4,0,0,1,2,1,1,1,0,1,12,4,2,4,2,23,7,0,0,0,0,0,0,2,1,0,0,0,34,0,0,0,0,020000010004040c0217000200000107000000,2244c25c417000,2244c25c41||13,13,6,6,1,14,14,5,5,16,4,5,5,0,0,0,4,0,1,1,0,1,13,9,2,5,6,7,4,1,0,0,1,0,1,2,1,0,0,2,35,0,0,1,0,020000010105090d0607020201000104000000,2359d61e514000,2359d61e51||12,12,2,2,7,8,8,5,5,32,8,3,3,0,0,1,2,1,1,1,0,1,12,4,2,3,2,30,8,1,0,0,0,0,1,2,1,0,0,0,35,0,0,2,1,020000010103040c021e000201000108000000,2334c278518000,2334c27851||13,13,15,15,1,12,12,3,3,4,1,4,4,0,0,2,1,2,1,1,0,1,13,2,3,4,15,7,1,0,0,0,0,0,1,1,1,0,0,0,50,0,0,3,1,030000010004020d0f07000101000101000000,3242df1c311000,3242df1c31
4	600160001e79452244c25c4170002359d61e5140002334c2785180003242df1c3110007c00	1|96|1|96|121|69|5|0|30|4|79452244c25c4170002359d61e5140002334c2785180003242df1c311000|4||12,12,2,2,5,12,12,4,4,28,7,4,4,0,0,1,2,1,1,1,0,1,12,4,2,4,2,23,7,0,0,0,0,0,0,2,1,0,0,0,34,0,0,0,0,020000010004040c0217000200000107000000,2244c25c417000,2244c25c41||13,13,6,6,1,14,14,5,5,16,4,5,5,0,0,0,4,0,1,1,0,1,13,9,2,5,6,7,4,1,0,0,1,0,1,2,1,0,0,2,35,0,0,1,0,020000010105090d0607020201000104000000,2359d61e514000,2359d61e51||12,12,2,2,7,8,8,5,5,32,8,3,3,0,0,1,2,1,1,1,0,1,12,4,2,3,2,30,8,1,0,0,0,0,1,2,1,0,0,0,35,0,0,2,1,020000010103040c021e000201000108000000,2334c278518000,2334c27851||13,13,15,15,1,12,12,3,3,4,1,4,4,0,0,2,1,2,1,1,0,1,13,2,3,4,15,7,1,0,0,0,0,0,1,1,1,0,0,0,50,0,0,3,1,030000010004020d0f07000101000101000000,3242df1c311000,3242df1c31
4	1b011b001e7985027ff4bb00104002afa00e031040022ff39b10204102afa00e0110407c00	1|27|1|27|121|133|5|0|30|4|7985027ff4bb00104002afa00e031040022ff39b10204102afa00e011040|4||15,15,4,4,11,11,11,0,0,4,1,7,7,0,8,3,7,3,1,1,0,0,15,15,0,7,4,46,1,0,8,0,3,0,0,0,0,0,0,3,2,0,0,0,0,0000000100070f0f042e030000000001000800,027ff4bb001040,027ff4bb00||10,10,0,0,0,14,14,0,0,4,1,10,10,0,8,3,7,3,1,1,0,1,10,15,0,10,0,3,1,0,8,0,1,0,0,0,1,1,0,2,2,0,0,1,0,00000001000a0f0a0003020000010101000800,02afa00e031040,02afa00e03||15,15,3,3,9,11,11,1,1,8,2,2,2,0,8,3,7,3,1,1,0,0,15,15,0,2,3,38,2,0,8,0,3,1,1,0,0,0,0,3,2,0,0,2,1,0000000100020f0f0326030001000002000801,022ff39b102041,022ff39b10||10,10,0,0,0,14,14,0,0,4,1,10,10,0,8,3,7,3,1,1,0,1,10,15,0,10,0,3,1,0,8,0,1,0,0,0,1,0,0,2,2,0,0,3,1,00000001000a0f0a0003020000000101000800,02afa00e011040,02afa00e01
4	2c012c001e79431332a172441006336494e844c0002333b25a4410001381b2004420007c00	1|44|1|44|121|67|3|6|30|4|79431332a172441006336494e844c0002333b25a4410001381b200442000|4||10,10,1,1,7,2,2,4,4,4,1,3,3,0,0,2,1,2,1,1,0,0,10,2,1,3,1,28,1,1,0,0,1,6,0,2,0,2,0,2,19,0,0,0,0,010000010103020a011c020200020001000006,1332a172441006,1332a17244||9,9,4,4,14,8,8,4,4,48,12,6,6,0,0,1,2,1,1,1,0,0,9,4,3,6,4,58,12,1,0,0,0,0,0,2,0,2,0,0,51,0,0,1,0,0300000101060409043a00020002000c000000,336494e844c000,336494e844||11,11,2,2,5,10,10,4,4,4,1,3,3,0,0,2,1,2,1,1,0,0,11,3,2,3,2,22,1,1,0,0,1,0,0,2,0,2,0,2,35,0,0,2,1,020000010103030b0216020200020001000000,2333b25a441000,2333b25a44||11,11,2,2,0,0,0,4,4,8,2,8,8,0,0,0,0,0,1,1,0,0,11,1,1,8,2,0,2,1,0,0,0,0,0,2,0,2,0,0,19,0,0,3,1,010000010108010b0200000200020002000000,1381b200442000,1381b20044
4	4c014c001e79435288f4a40020067298b4840050003227b4860010052324f1104410007c00	1|76|1|76|121|67|3|6|30|4|79435288f4a40020067298b4840050003227b4860010052324f110441000|4||15,15,4,4,10,4,4,0,0,8,2,8,8,0,0,0,4,0,1,1,0,0,15,8,5,8,4,41,2,0,0,0,0,6,0,0,0,0,0,0,82,0,0,0,0,050000010008080f0429000000000002000006,5288f4a4002006,5288f4a400||11,11,4,4,8,4,4,0,0,20,5,9,9,0,0,0,4,0,1,1,0,0,11,8,7,9,4,33,5,0,0,0,0,0,0,0,0,0,0,0,114,0,0,1,0,070000010009080b0421000000000005000000,7298b484005000,7298b48400||11,11,4,4,8,6,6,0,0,4,1,2,2,0,0,3,3,3,1,1,0,0,11,7,3,2,4,33,1,0,0,0,1,5,0,0,0,0,0,2,50,0,0,2,1,030000010002070b0421020000000001000005,3227b486001005,3227b48600||15,15,1,1,1,0,0,4,4,4,1,2,2,0,0,1,2,1,1,1,0,0,15,4,2,2,1,4,1,1,0,0,0,0,0,2,0,2,0,0,35,0,0,3,1,020000010102040f0104000200020001000000,2324f110441000,2324f11044
4	680168001e79432333c1764512043363a366451100236391664510002381b2004520007c00	1|104|1|104|121|67|3|4|30|4|79432333c1764512043363a366451100236391664510002381b200452000|4||12,12,1,1,7,6,6,4,4,4,1,3,3,0,0,2,1,2,1,1,2,1,12,3,2,3,1,29,1,1,0,2,1,4,0,2,1,2,0,2,35,0,2,0,0,020000010103030c011d020200020101020004,2333c176451204,2333c17645||10,10,3,3,6,6,6,4,4,4,1,6,6,0,0,2,1,2,1,1,1,1,10,3,3,6,3,25,1,1,0,1,1,0,0,2,1,2,0,2,51,0,1,1,0,030000010106030a0319020200020101010000,3363a366451100,3363a36645||9,9,1,1,6,6,6,4,4,4,1,6,6,0,0,2,1,2,1,1,0,1,9,3,2,6,1,25,1,1,0,0,1,0,0,2,1,2,0,2,35,0,0,2,1,02000001010603090119020200020101000000,23639166451000,2363916645||11,11,2,2,0,0,0,4,4,8,2,8,8,0,0,0,0,0,1,1,0,1,11,1,2,8,2,0,2,1,0,0,0,0,0,2,1,2,0,0,35,0,0,3,1,020000010108010b0200000200020102000000,2381b200452000,2381b20045
4	090109001e79430267ff9d0010402333e2730050001241d3580110002363d4020110007c00	1|9|1|9|121|67|3|0|30|4|79430267ff9d0010402333e2730050001241d3580110002363d402011000|4||15,15,15,15,9,13,13,0,0,4,1,6,6,0,8,3,3,3,1,1,0,0,15,7,0,6,15,39,1,0,8,0,2,0,0,0,0,0,0,1,2,0,0,0,0,000000010006070f0f27010000000001000800,0267ff9d001040,0267ff9d00||14,14,2,2,7,3,3,0,0,20,5,3,3,0,0,2,1,2,1,1,0,0,14,3,2,3,2,28,5,1,0,0,3,0,0,0,0,0,0,3,35,0,0,1,0,020000010103030e021c030000000005000000,2333e273005000,2333e27300||13,13,3,3,5,8,8,0,0,4,1,4,4,0,0,0,0,0,1,1,0,1,13,1,1,4,3,22,1,0,0,0,0,0,0,0,1,0,0,0,18,0,0,2,1,010000010004010d0316000000000101000000,1241d358011000,1241d35801||13,13,4,4,0,2,2,0,0,4,1,6,6,0,0,2,1,2,1,1,0,1,13,3,2,6,4,0,1,1,0,0,1,0,0,0,1,0,0,2,35,0,0,3,1,020000010106030d0400020000000101000000,2363d402011000,2363d40201
4	2e012e001e79430258815001100e0258a45e0130000267716a001000028f90181110007c00	1|46|1|46|121|67|3|6|30|4|79430258815001100e0258a45e0130000267716a001000028f9018111000|4||8,8,1,1,5,0,0,0,0,4,1,5,5,0,1,0,4,0,1,1,0,1,8,8,0,5,1,20,1,0,1,0,0,6,0,0,1,0,0,0,2,0,0,0,0,00000001000508080114000000000101000106,0258815001100e,0258815001||10,10,4,4,5,14,14,0,0,12,3,5,5,0,0,0,4,0,1,1,0,1,10,8,0,5,4,23,3,0,0,0,1,0,0,0,1,0,0,2,2,0,0,1,0,000000010005080a0417020000000103000000,0258a45e013000,0258a45e01||7,7,1,1,6,10,10,0,0,4,1,6,6,0,0,3,3,3,1,1,0,0,7,7,0,6,1,26,1,0,0,0,1,0,0,0,0,0,0,2,2,0,0,2,1,0000000100060707011a020000000001000000,0267716a001000,0267716a00||9,9,0,0,1,8,8,1,1,4,1,8,8,0,0,3,7,3,1,1,0,1,9,15,0,8,0,6,1,0,0,0,0,0,1,0,1,0,0,0,2,0,0,3,1,0000000100080f090006000001000101000000,028f9018111000,028f901811
4	650165001e79435288f4a40020067298b4840050003227b4860010052324f1104410007c00	1|101|1|101|121|67|3|6|30|4|79435288f4a40020067298b4840050003227b4860010052324f110441000|4||15,15,4,4,10,4,4,0,0,8,2,8,8,0,0,0,4,0,1,1,0,0,15,8,5,8,4,41,2,0,0,0,0,6,0,0,0,0,0,0,82,0,0,0,0,050000010008080f0429000000000002000006,5288f4a4002006,5288f4a400||11,11,4,4,8,4,4,0,0,20,5,9,9,0,0,0,4,0,1,1,0,0,11,8,7,9,4,33,5,0,0,0,0,0,0,0,0,0,0,0,114,0,0,1,0,070000010009080b0421000000000005000000,7298b484005000,7298b48400||11,11,4,4,8,6,6,0,0,4,1,2,2,0,0,3,3,3,1,1,0,0,11,7,3,2,4,33,1,0,0,0,1,5,0,0,0,0,0,2,50,0,0,2,1,030000010002070b0421020000000001000005,3227b486001005,3227b48600||15,15,1,1,1,0,0,4,4,4,1,2,2,0,0,1,2,1,1,1,0,0,15,4,2,2,1,4,1,1,0,0,0,0,0,2,0,2,0,0,35,0,0,3,1,020000010102040f0104000200020001000000,2324f110441000,2324f11044
4	4a014a001e79432333c1764512043363a366451100236391664510002381b2004520007c00	1|74|1|74|121|67|3|4|30|4|79432333c1764512043363a366451100236391664510002381b200452000|4||12,12,1,1,7,6,6,4,4,4,1,3,3,0,0,2,1,2,1,1,2,1,12,3,2,3,1,29,1,1,0,2,1,4,0,2,1,2,0,2,35,0,2,0,0,020000010103030c011d020200020101020004,2333c176451204,2333c17645||10,10,3,3,6,6,6,4,4,4,1,6,6,0,0,2,1,2,1,1,1,1,10,3,3,6,3,25,1,1,0,1,1,0,0,2,1,2,0,2,51,0,1,1,0,030000010106030a0319020200020101010000,3363a366451100,3363a36645||9,9,1,1,6,6,6,4,4,4,1,6,6,0,0,2,1,2,1,1,0,1,9,3,2,6,1,25,1,1,0,0,1,0,0,2,1,2,0,2,35,0,0,2,1,02000001010603090119020200020101000000,23639166451000,2363916645||11,11,2,2,0,0,0,4,4,8,2,8,8,0,0,0,0,0,1,1,0,1,11,1,2,8,2,0,2,1,0,0,0,0,0,2,1,2,0,0,35,0,0,3,1,020000010108010b0200000200020102000000,2381b200452000,2381b20045
4	170117001e7985027ca13000501702879f9c1310000275817810100802a580180110007c00	1|23|1|23|121|133|5|7|30|4|7985027ca13000501702879f9c1310000275817810100802a58018011000|4||10,10,1,1,3,0,0,0,0,20,5,7,7,0,2,1,6,1,1,1,0,0,10,12,0,7,1,12,5,0,2,0,0,7,0,0,0,0,0,0,2,0,0,0,0,0000000100070c0a010c000000000005000207,027ca130005017,027ca13000||9,9,15,15,9,12,12,1,1,4,1,8,8,0,0,3,3,3,1,1,0,1,9,7,0,8,15,39,1,0,0,0,0,0,1,0,1,1,0,0,2,0,0,1,0,00000001000807090f27000001010101000000,02879f9c131000,02879f9c13||8,8,1,1,7,8,8,1,1,4,1,7,7,0,1,1,2,1,1,1,0,0,8,5,0,7,1,30,1,0,1,0,0,0,1,0,0,0,0,0,2,0,0,2,1,0000000100070508011e000001000001000100,02758178101008,0275817810||8,8,0,0,1,8,8,0,0,4,1,10,10,0,0,1,2,1,1,1,0,1,8,5,0,10,0,6,1,0,0,0,0,0,0,0,1,0,0,0,2,0,0,3,1,00000001000a05080006000000000101000000,02a58018011000,02a5801801
4	060106001e79435288f4a40020067298b4840050003227b4860010052324f1104410007c00	1|6|1|6|121|67|3|6|30|4|79435288f4a40020067298b4840050003227b4860010052324f110441000|4||15,15,4,4,10,4,4,0,0,8,2,8,8,0,0,0,4,0,1,1,0,0,15,8,5,8,4,41,2,0,0,0,0,6,0,0,0,0,0,0,82,0,0,0,0,050000010008080f0429000000000002000006,5288f4a4002006,5288f4a400||11,11,4,4,8,4,4,0,0,20,5,9,9,0,0,0,4,0,1,1,0,0,11,8,7,9,4,33,5,0,0,0,0,0,0,0,0,0,0,0,114,0,0,1,0,070000010009080b0421000000000005000000,7298b484005000,7298b48400||11,11,4,4,8,6,6,0,0,4,1,2,2,0,0,3,3,3,1,1,0,0,11,7,3,2,4,33,1,0,0,0,1,5,0,0,0,0,0,2,50,0,0,2,1,030000010002070b0421020000000001000005,3227b486001005,3227b48600||15,15,1,1,1,0,0,4,4,4,1,2,2,0,0,1,2,1,1,1,0,0,15,4,2,2,1,4,1,1,0,0,0,0,0,2,0,2,0,0,35,0,0,3,1,020000010102040f0104000200020001000000,2324f110441000,2324f11044
4	390139001e79473349f424447000233bfb3c4440002343f4494420013244fe104410007c00	1|57|1|57|121|71|7|0|30|4|79473349f424447000233bfb3c4440002343f4494420013244fe10441000|4||15,15,4,4,2,4,4,4,4,28,7,4,4,0,0,0,4,0,1,1,0,0,15,9,3,4,4,9,7,1,0,0,0,0,0,2,0,2,0,0,51,0,0,0,0,030000010104090f0409000200020007000000,3349f424447000,3349f42444||15,15,11,11,3,12,12,4,4,16,4,3,3,0,0,2,5,2,1,1,0,0,15,11,2,3,11,15,4,1,0,0,0,0,0,2,0,2,0,0,35,0,0,1,0,0200000101030b0f0b0f000200020004000000,233bfb3c444000,233bfb3c44||15,15,4,4,4,9,9,4,4,8,2,4,4,0,0,2,1,2,1,1,0,0,15,3,2,4,4,18,2,1,0,0,2,1,0,2,0,2,0,1,35,0,0,2,1,020000010104030f0412010200020002000001,2343f449442001,2343f44944||15,15,14,14,1,0,0,4,4,4,1,4,4,0,0,1,2,1,1,1,0,0,15,4,3,4,14,4,1,0,0,0,0,0,0,2,0,2,0,0,50,0,0,3,1,030000010004040f0e04000200020001000000,3244fe10441000,3244fe1044
4	690169001e79431261ff6044102d1251f0744410003373f26d4470202392f2204130007c00	1|105|1|105|121|67|3|5|30|4|79431261ff6044102d1251f0744410003373f26d4470202392f220413000|4||15,15,15,15,6,0,0,4,4,4,1,6,6,0,5,0,0,0,1,1,0,0,15,1,1,6,15,24,1,0,5,0,0,5,0,2,0,2,0,0,18,0,0,0,0,010000010006010f0f18000200020001000505,1261ff6044102d,1261ff6044||15,15,0,0,7,4,4,4,4,4,1,5,5,0,0,0,0,0,1,1,0,0,15,1,1,5,0,29,1,0,0,0,0,0,0,2,0,2,0,0,18,0,0,1,0,010000010005010f001d000200020001000000,1251f074441000,1251f07444||15,15,2,2,6,13,13,4,4,28,7,7,7,0,4,2,1,2,1,1,0,0,15,3,3,7,2,27,7,1,4,0,2,0,0,2,0,2,0,1,51,0,0,2,1,030000010107030f021b010200020007000400,3373f26d447020,3373f26d44||15,15,2,2,2,0,0,4,4,12,3,9,9,0,0,2,1,2,1,1,0,1,15,2,2,9,2,8,3,1,0,0,0,0,0,2,1,0,0,0,35,0,0,3,1,020000010109020f0208000200000103000000,2392f220413000,2392f22041
4	670167001e79432333c1764512043363a366451100236391664510002381b2004520007c00	1|103|1|103|121|67|3|4|30|4|79432333c1764512043363a366451100236391664510002381b200452000|4||12,12,1,1,7,6,6,4,4,4,1,3,3,0,0,2,1,2,1,1,2,1,12,3,2,3,1,29,1,1,0,2,1,4,0,2,1,2,0,2,35,0,2,0,0,020000010103030c011d020200020101020004,2333c176451204,2333c17645||10,10,3,3,6,6,6,4,4,4,1,6,6,0,0,2,1,2,1,1,1,1,10,3,3,6,3,25,1,1,0,1,1,0,0,2,1,2,0,2,51,0,1,1,0,030000010106030a0319020200020101010000,3363a366451100,3363a36645||9,9,1,1,6,6,6,4,4,4,1,6,6,0,0,2,1,2,1,1,0,1,9,3,2,6,1,25,1,1,0,0,1,0,0,2,1,2,0,2,35,0,0,2,1,02000001010603090119020200020101000000,23639166451000,2363916645||11,11,2,2,0,0,0,4,4,8,2,8,8,0,0,0,0,0,1,1,0,1,11,1,2,8,2,0,2,1,0,0,0,0,0,2,1,2,0,0,35,0,0,3,1,020000010108010b0200000200020102000000,2381b200452000,2381b20045
1	0000084001c046f571a01053fb00a8	1|0|0|8|64|1|0|0|16|2|81404046f57144c0005053fb00541000|2||15,15,5,5,7,1,1,4,4,48,12,4,4,0,0,3,3,3,0,0,0,0,15,6,4,4,5,28,12,0,0,0,2,0,0,2,0,2,0,1,64,0,0,0,0,040000000004060f051c01020002000c000000,4046f57144c000,c046f571a0||15,15,11,11,0,0,0,5,5,4,1,5,5,0,0,2,1,2,0,0,0,0,15,3,5,5,11,0,1,0,0,0,0,0,1,2,0,2,0,0,80,0,0,1,1,050000000005030f0b00000201020001000000,5053fb00541000,1053fb00a8
1	0080313801e016f000a7f12f900006	1|0|128|49|56|1|0|7|16|2|81001016f00044e03f212f900000f030|2||15,15,0,0,0,0,0,4,4,56,14,1,1,0,7,3,3,3,0,0,0,0,15,6,1,1,0,0,15,0,7,0,0,7,0,2,0,2,0,0,16,0,0,0,0,010000000001060f000000020002000e000707,1016f00044e03f,e016f000a7||9,9,0,0,0,0,0,0,0,60,15,2,2,0,6,3,7,3,0,0,0,0,9,15,2,2,0,0,15,1,6,0,0,0,0,0,0,0,0,0,33,0,0,1,1,0200000001020f09000000000000000f000600,212f900000f030,f12f900006
1	0180267801200ba034a20058a300a6	1|1|128|38|120|1|0|7|16|2|8140000ba0344420175058a300440030|2||10,10,0,0,3,4,4,4,4,8,2,0,0,0,2,2,5,2,0,0,0,0,10,11,0,0,0,13,2,0,2,0,0,7,0,2,0,2,0,0,0,0,0,0,0,0000000000000b0a000d000200020002000207,000ba034442017,200ba034a2||10,10,3,3,0,0,0,4,4,0,0,5,5,0,6,0,4,0,0,0,0,0,10,8,5,5,3,0,0,0,6,0,0,0,0,2,0,2,0,0,80,0,0,1,1,050000000005080a0300000200020000000600,5058a300440030,0058a300a6
1	02802460010178b710a21170f000a0	1|2|128|36|96|1|0|4|16|2|81407178b7104400147170f000441000|2||11,11,7,7,1,0,0,4,4,0,0,7,7,0,2,0,4,0,0,0,0,0,11,8,7,7,7,4,0,1,2,0,0,4,0,2,0,2,0,0,113,0,0,0,0,070000000107080b0704000200020000000204,7178b710440014,0178b710a2||15,15,0,0,0,0,0,4,4,4,1,7,7,0,0,0,0,0,0,0,0,0,15,0,7,7,0,0,1,1,0,0,0,0,0,2,0,2,0,0,113,0,0,1,1,070000000107000f0000000200020001000000,7170f000441000,1170f000a0
1	03000b68011542f53ea81442f514a0	1|3|0|11|104|1|0|5|16|2|81400142f53e5410050042f514441000|2||15,15,5,5,3,14,14,5,5,4,1,4,4,0,0,2,1,2,0,0,0,0,15,2,0,4,5,15,1,1,0,0,1,5,1,2,0,2,0,2,1,0,0,0,0,000000000104020f050f020201020001000005,0142f53e541005,1542f53ea8||15,15,5,5,1,4,4,4,4,4,1,4,4,0,0,2,1,2,0,0,0,0,15,2,0,4,5,5,1,0,0,0,0,0,0,2,0,2,0,0,0,0,0,1,1,000000000004020f0505000200020001000000,0042f514441000,1442f514a0
1	04002d60011583f440a01581f100a0	1|4|0|45|96|1|0|4|16|2|81400183f4404410040181f100441000|2||15,15,4,4,4,0,0,4,4,4,1,8,8,0,0,2,1,2,0,0,0,0,15,3,0,8,4,16,1,1,0,0,0,4,0,2,0,2,0,0,1,0,0,0,0,000000000108030f0410000200020001000004,0183f440441004,1583f440a0||15,15,1,1,0,0,0,4,4,4,1,8,8,0,0,0,0,0,0,0,0,0,15,1,0,8,1,0,1,1,0,0,0,0,0,2,0,2,0,0,1,0,0,1,1,000000000108010f0100000200020001000000,0181f100441000,1581f100a0
1	05001980012431b16e802c627004ec	1|5|0|25|128|1|0|0|16|2|81800031b16e04200000627004572020|2||11,11,1,1,6,14,14,0,0,8,2,3,3,0,0,0,0,0,0,0,0,0,11,1,0,3,1,27,2,0,0,0,1,0,0,0,0,2,0,2,0,0,0,0,0,000000000003010b011b020000020002000000,0031b16e042000,2431b16e80||7,7,0,0,0,4,4,5,5,8,2,6,6,0,4,2,1,2,0,0,0,1,7,2,0,6,0,1,2,0,4,0,0,0,1,2,1,3,0,0,0,0,0,1,1,00000000000602070001000201030102000400,00627004572020,2c627004ec
1	0000084001c046f571a01053fb00a8	1|0|0|8|64|1|0|0|16|2|81404046f57144c0005053fb00541000|2||15,15,5,5,7,1,1,4,4,48,12,4,4,0,0,3,3,3,0,0,0,0,15,6,4,4,5,28,12,0,0,0,2,0,0,2,0,2,0,1,64,0,0,0,0,040000000004060f051c01020002000c000000,4046f57144c000,c046f571a0||15,15,11,11,0,0,0,5,5,4,1,5,5,0,0,2,1,2,0,0,0,0,15,3,5,5,11,0,1,0,0,0,0,0,1,2,0,2,0,0,80,0,0,1,1,050000000005030f0b00000201020001000000,5053fb00541000,1053fb00a8
4	240224001e7985728680f111201f029580080110006269a93c0110c002a570701010407c01	1|36|2|36|121|133|5|7|30|4|7985728680f111201f029580080110006269a93c0110c002a57070101040|4||8,8,0,0,15,1,1,1,1,8,2,8,8,0,3,3,3,3,1,1,0,1,8,6,7,8,0,60,2,0,3,0,2,7,1,0,1,0,0,1,114,0,0,0,0,0700000100080608003c010001000102000307,728680f111201f,728680f111||8,8,0,0,0,8,8,0,0,4,1,9,9,0,0,1,2,1,1,1,0,1,8,5,0,9,0,2,1,0,0,0,0,0,0,0,1,0,0,0,2,0,0,1,0,00000001000905080002000000000101000000,02958008011000,0295800801||10,10,9,9,3,12,12,0,0,4,1,6,6,0,24,0,4,0,1,1,0,1,10,9,6,6,9,15,1,0,24,0,0,0,0,0,1,0,0,0,98,0,0,2,1,060000010006090a090f000000000101001800,6269a93c0110c0,6269a93c01||7,7,0,0,7,0,0,1,1,4,1,10,10,0,8,1,2,1,1,1,0,0,7,5,0,10,0,28,1,0,8,0,0,0,1,0,0,0,0,0,2,0,0,3,1,00000001000a0507001c000001000001000800,02a57070101040,02a5707010
4	070207001e79454347afa100c0074254bf140110006347bf840060005354df140110007c01	1|7|2|7|121|69|5|7|30|4|79454347afa100c0074254bf140110006347bf840060005354df14011000|4||10,10,15,15,10,1,1,0,0,48,12,4,4,0,0,3,3,3,1,1,0,0,10,7,4,4,15,40,12,1,0,0,2,7,0,0,0,0,0,1,67,0,0,0,0,040000010104070a0f2801000000000c000007,4347afa100c007,4347afa100||11,11,15,15,1,4,4,0,0,4,1,5,5,0,0,1,2,1,1,1,0,1,11,4,4,5,15,5,1,0,0,0,0,0,0,0,1,0,0,0,66,0,0,1,0,040000010005040b0f05000000000101000000,4254bf14011000,4254bf1401||11,11,15,15,8,4,4,0,0,24,6,4,4,0,0,3,3,3,1,1,0,0,11,7,6,4,15,33,6,1,0,0,0,0,0,0,0,0,0,0,99,0,0,2,1,060000010104070b0f21000000000006000000,6347bf84006000,6347bf8400||13,13,15,15,1,4,4,0,0,4,1,5,5,0,0,1,2,1,1,1,0,1,13,4,5,5,15,5,1,1,0,0,0,0,0,0,1,0,0,0,83,0,0,3,1,050000010105040d0f05000000000101000000,5354df14011000,5354df1401
